T_avg = 0.121962225 GeV
ut_avg = 0.678537017 GeV
