T_avg = 0.113553500 GeV
ut_avg = 0.715314233 GeV
