T_avg = 0.137501300 GeV
ut_avg = 0.640262567 GeV
