T_avg = 0.137157533 GeV
ut_avg = 0.638859500 GeV
